#  AU		  5 mu 		10 mu		15 mu
   0.00000    0.00014    0.00003    0.00002
   0.00645    0.00014    0.00003    0.00002
   0.01289    0.00068    0.00017    0.00008
   0.01934    0.00170    0.00045    0.00020
   0.02578    0.00306    0.00084    0.00038
   0.03223    0.00461    0.00136    0.00062
   0.03867    0.00613    0.00197    0.00091
   0.04512    0.00760    0.00266    0.00126
   0.05156    0.00936    0.00340    0.00164
   0.05801    0.01164    0.00418    0.00207
   0.06445    0.01456    0.00497    0.00253
   0.07090    0.01817    0.00574    0.00302
   0.07734    0.02244    0.00646    0.00352
   0.08379    0.02727    0.00719    0.00404
   0.09023    0.03249    0.00798    0.00457
   0.09668    0.03786    0.00886    0.00509
   0.10313    0.04314    0.00985    0.00561
   0.10957    0.04804    0.01099    0.00610
   0.11602    0.05254    0.01228    0.00658
   0.12246    0.05724    0.01374    0.00706
   0.12891    0.06251    0.01537    0.00757
   0.13535    0.06852    0.01717    0.00811
   0.14180    0.07530    0.01914    0.00870
   0.14824    0.08277    0.02128    0.00933
   0.15469    0.09082    0.02357    0.01003
   0.16113    0.09915    0.02598    0.01078
   0.16758    0.10749    0.02851    0.01161
   0.17402    0.11549    0.03112    0.01251
   0.18047    0.12284    0.03379    0.01348
   0.18691    0.12944    0.03648    0.01452
   0.19336    0.13605    0.03917    0.01565
   0.19980    0.14315    0.04181    0.01685
   0.20625    0.15102    0.04438    0.01813
   0.21270    0.15964    0.04684    0.01948
   0.21914    0.16895    0.04915    0.02091
   0.22559    0.17872    0.05139    0.02240
   0.23203    0.18874    0.05365    0.02395
   0.23848    0.19852    0.05600    0.02556
   0.24492    0.20781    0.05847    0.02723
   0.25137    0.21611    0.06110    0.02893
   0.25781    0.22339    0.06392    0.03067
   0.26426    0.23033    0.06692    0.03244
   0.27070    0.23779    0.07012    0.03423
   0.27715    0.24594    0.07350    0.03603
   0.28359    0.25474    0.07708    0.03782
   0.29004    0.26420    0.08082    0.03961
   0.29648    0.27410    0.08472    0.04137
   0.30293    0.28403    0.08874    0.04310
   0.30938    0.29370    0.09285    0.04479
   0.31582    0.30252    0.09703    0.04643
   0.32227    0.31021    0.10121    0.04801
   0.32871    0.31664    0.10540    0.04953
   0.33516    0.32238    0.10950    0.05101
   0.34160    0.32842    0.11353    0.05251
   0.34805    0.33519    0.11736    0.05403
   0.35449    0.34274    0.12107    0.05560
   0.36094    0.35068    0.12450    0.05721
   0.36738    0.35914    0.12779    0.05890
   0.37383    0.36749    0.13103    0.06066
   0.38027    0.37532    0.13433    0.06248
   0.38672    0.38265    0.13774    0.06440
   0.39316    0.38819    0.14130    0.06640
   0.39961    0.39234    0.14505    0.06849
   0.40605    0.39540    0.14898    0.07066
   0.41250    0.39903    0.15306    0.07292
   0.41895    0.40290    0.15738    0.07526
   0.42539    0.40797    0.16189    0.07769
   0.43184    0.41339    0.16652    0.08018
   0.43828    0.41925    0.17132    0.08275
   0.44473    0.42479    0.17623    0.08537
   0.45117    0.42997    0.18120    0.08805
   0.45762    0.43423    0.18620    0.09078
   0.46406    0.43702    0.19118    0.09353
   0.47051    0.43792    0.19611    0.09632
   0.47695    0.43791    0.20090    0.09911
   0.48340    0.43807    0.20554    0.10190
   0.48984    0.43891    0.20997    0.10469
   0.49629    0.44048    0.21414    0.10745
   0.50273    0.44266    0.21801    0.11017
   0.50918    0.44531    0.22158    0.11285
   0.51562    0.44795    0.22509    0.11546
   0.52207    0.45003    0.22859    0.11800
   0.52852    0.45120    0.23215    0.12045
   0.53496    0.45067    0.23586    0.12280
   0.54141    0.44840    0.23975    0.12506
   0.54785    0.44486    0.24381    0.12723
   0.55430    0.44191    0.24806    0.12939
   0.56074    0.43919    0.25243    0.13157
   0.56719    0.43772    0.25699    0.13377
   0.57363    0.43691    0.26175    0.13600
   0.58008    0.43660    0.26659    0.13831
   0.58652    0.43644    0.27161    0.14070
   0.59297    0.43592    0.27656    0.14316
   0.59941    0.43408    0.28157    0.14567
   0.60586    0.43095    0.28644    0.14827
   0.61230    0.42590    0.29129    0.15099
   0.61875    0.42008    0.29599    0.15380
   0.62520    0.41370    0.30045    0.15667
   0.63164    0.40871    0.30465    0.15959
   0.63809    0.40462    0.30843    0.16263
   0.64453    0.40160    0.31198    0.16575
   0.65098    0.39911    0.31506    0.16891
   0.65742    0.39726    0.31795    0.17217
   0.66387    0.39448    0.32080    0.17539
   0.67031    0.39154    0.32380    0.17867
   0.67676    0.38659    0.32703    0.18203
   0.68320    0.38001    0.33014    0.18536
   0.68965    0.37240    0.33347    0.18872
   0.69609    0.36470    0.33711    0.19200
   0.70254    0.35814    0.34068    0.19528
   0.70898    0.35273    0.34458    0.19848
   0.71543    0.34871    0.34864    0.20167
   0.72188    0.34509    0.35272    0.20479
   0.72832    0.34241    0.35700    0.20779
   0.73477    0.33974    0.36122    0.21071
   0.74121    0.33594    0.36553    0.21346
   0.74766    0.33078    0.36940    0.21609
   0.75410    0.32391    0.37363    0.21859
   0.76055    0.31562    0.37740    0.22101
   0.76699    0.30806    0.38087    0.22338
   0.77344    0.30148    0.38405    0.22568
   0.77988    0.29619    0.38694    0.22803
   0.78633    0.29220    0.38915    0.23031
   0.79277    0.28930    0.39116    0.23274
   0.79922    0.28708    0.39304    0.23518
   0.80566    0.28484    0.39480    0.23778
   0.81211    0.28240    0.39623    0.24045
   0.81855    0.27817    0.39811    0.24310
   0.82500    0.27231    0.40004    0.24592
   0.83145    0.26528    0.40221    0.24877
   0.83789    0.25853    0.40431    0.25171
   0.84434    0.25283    0.40663    0.25473
   0.85078    0.24859    0.40922    0.25770
   0.85723    0.24655    0.41186    0.26094
   0.86367    0.24522    0.41484    0.26421
   0.87012    0.24496    0.41745    0.26741
   0.87656    0.24438    0.42045    0.27078
   0.88301    0.24373    0.42351    0.27415
   0.88945    0.24155    0.42627    0.27736
   0.89590    0.23783    0.42896    0.28074
   0.90234    0.23268    0.43119    0.28406
   0.90879    0.22759    0.43326    0.28719
   0.91523    0.22392    0.43524    0.29048
   0.92168    0.22195    0.43678    0.29361
   0.92813    0.22153    0.43740    0.29671
   0.93457    0.22262    0.43791    0.29965
   0.94102    0.22444    0.43783    0.30259
   0.94746    0.22676    0.43795    0.30533
   0.95391    0.22819    0.43792    0.30781
   0.96035    0.22858    0.43804    0.31029
   0.96680    0.22737    0.43804    0.31249
   0.97324    0.22434    0.43862    0.31454
   0.97969    0.22141    0.43906    0.31641
   0.98613    0.21999    0.43997    0.31846
   0.99258    0.22033    0.44102    0.32036
   0.99902    0.22227    0.44212    0.32233
   1.00547    0.22573    0.44341    0.32430
   1.01191    0.22991    0.44450    0.32644
   1.01836    0.23432    0.44595    0.32854
   1.02480    0.23832    0.44740    0.33065
   1.03125    0.24108    0.44857    0.33294
   1.03770    0.24206    0.44980    0.33526
   1.04414    0.24111    0.45049    0.33772
   1.05059    0.24009    0.45113    0.34008
   1.05703    0.24043    0.45110    0.34264
   1.06348    0.24252    0.45086    0.34525
   1.06992    0.24630    0.45055    0.34793
   1.07637    0.25168    0.44919    0.35075
   1.08281    0.25742    0.44760    0.35341
   1.08926    0.26349    0.44581    0.35623
   1.09570    0.26940    0.44418    0.35911
   1.10215    0.27390    0.44252    0.36197
   1.10859    0.27627    0.44106    0.36479
   1.11504    0.27662    0.43980    0.36749
   1.12148    0.27699    0.43882    0.37020
   1.12793    0.27836    0.43812    0.37294
   1.13438    0.28137    0.43747    0.37552
   1.14082    0.28607    0.43703    0.37796
   1.14727    0.29223    0.43676    0.38030
   1.15371    0.29898    0.43668    0.38243
   1.16016    0.30592    0.43656    0.38454
   1.16660    0.31253    0.43663    0.38648
   1.17305    0.31739    0.43627    0.38819
   1.17949    0.32051    0.43596    0.38963
   1.18594    0.32127    0.43561    0.39097
   1.19238    0.32132    0.43474    0.39208
   1.19883    0.32295    0.43362    0.39322
   1.20527    0.32617    0.43195    0.39442
   1.21172    0.33078    0.43005    0.39549
   1.21816    0.33643    0.42748    0.39655
   1.22461    0.34297    0.42459    0.39782
   1.23105    0.34960    0.42145    0.39898
   1.23750    0.35583    0.41837    0.40035
   1.24395    0.36071    0.41540    0.40174
   1.25039    0.36325    0.41255    0.40320
   1.25684    0.36321    0.40999    0.40458
   1.26328    0.36229    0.40779    0.40623
   1.26973    0.36283    0.40570    0.40787
   1.27617    0.36464    0.40377    0.40959
   1.28262    0.36810    0.40242    0.41150
   1.28906    0.37280    0.40105    0.41332
   1.29551    0.37848    0.39991    0.41529
   1.30195    0.38380    0.39868    0.41713
   1.30840    0.38870    0.39772    0.41908
   1.31484    0.39222    0.39646    0.42098
   1.32129    0.39340    0.39528    0.42294
   1.32773    0.39201    0.39401    0.42481
   1.33418    0.38953    0.39233    0.42666
   1.34063    0.38801    0.39050    0.42832
   1.34707    0.38798    0.38801    0.43007
   1.35352    0.38949    0.38523    0.43160
   1.35996    0.39258    0.38192    0.43304
   1.36641    0.39630    0.37817    0.43427
   1.37285    0.40026    0.37430    0.43546
   1.37930    0.40358    0.37028    0.43641
   1.38574    0.40504    0.36652    0.43705
   1.39219    0.40444    0.36301    0.43754
   1.39863    0.40088    0.35973    0.43782
   1.40508    0.39657    0.35668    0.43792
   1.41152    0.39281    0.35403    0.43788
   1.41797    0.39063    0.35171    0.43794
   1.42441    0.39016    0.34958    0.43788
   1.43086    0.39137    0.34773    0.43801
   1.43730    0.39323    0.34605    0.43805
   1.44375    0.39475    0.34462    0.43809
   1.45020    0.39650    0.34320    0.43832
   1.45664    0.39628    0.34186    0.43856
   1.46309    0.39423    0.34035    0.43891
   1.46953    0.38944    0.33874    0.43936
   1.47598    0.38259    0.33683    0.43979
   1.48242    0.37747    0.33475    0.44048
   1.48887    0.37312    0.33222    0.44112
   1.49531    0.37090    0.32936    0.44188
   1.50176    0.37015    0.32590    0.44263
   1.50820    0.37026    0.32195    0.44342
   1.51465    0.37148    0.31787    0.44447
   1.52109    0.37132    0.31381    0.44532
   1.52754    0.37004    0.30990    0.44623
   1.53398    0.36646    0.30623    0.44703
   1.54043    0.36065    0.30301    0.44788
   1.54688    0.35303    0.29988    0.44875
   1.55332    0.34638    0.29732    0.44951
   1.55977    0.34079    0.29507    0.45007
   1.56621    0.33752    0.29316    0.45052
   1.57266    0.33605    0.29147    0.45096
   1.57910    0.33544    0.29001    0.45118
   1.58555    0.33533    0.28882    0.45127
   1.59199    0.33533    0.28772    0.45111
   1.59844    0.33347    0.28666    0.45073
   1.60488    0.32967    0.28560    0.45020
   1.61133    0.32371    0.28439    0.44944
   1.61777    0.31533    0.28300    0.44846
   1.62422    0.30834    0.28133    0.44738
   1.63066    0.30270    0.27942    0.44619
   1.63711    0.29933    0.27702    0.44510
   1.64355    0.29777    0.27409    0.44401
