      501.000   0.00700000
      502.000    0.0140000
      503.000    0.0210000
      504.000    0.0280000
      505.000    0.0350000
      506.000    0.0420000
      507.000    0.0490000
      508.000    0.0560000
      509.000    0.0630000
      510.000    0.0700000
      511.000     0.144000
      512.000     0.218000
      513.000     0.292000
      514.000     0.366000
      515.000     0.440000
      516.000     0.514000
      517.000     0.588000
      518.000     0.662000
      519.000     0.736000
      520.000     0.810000
      521.000     0.817000
      522.000     0.824000
      523.000     0.831000
      524.000     0.838000
      525.000     0.845000
      526.000     0.852000
      527.000     0.859000
      528.000     0.866000
      529.000     0.873000
      530.000     0.880000
      531.000     0.885000
      532.000     0.890000
      533.000     0.895000
      534.000     0.900000
      535.000     0.905000
      536.000     0.910000
      537.000     0.915000
      538.000     0.920000
      539.000     0.925000
      540.000     0.930000
      541.000     0.933000
      542.000     0.936000
      543.000     0.939000
      544.000     0.942000
      545.000     0.945000
      546.000     0.948000
      547.000     0.951000
      548.000     0.954000
      549.000     0.957000
      550.000     0.960000
      551.000     0.960000
      552.000     0.960000
      553.000     0.960000
      554.000     0.960000
      555.000     0.960000
      556.000     0.960000
      557.000     0.960000
      558.000     0.960000
      559.000     0.960000
      560.000     0.960000
      561.000     0.960000
      562.000     0.960000
      563.000     0.960000
      564.000     0.960000
      565.000     0.960000
      566.000     0.960000
      567.000     0.960000
      568.000     0.960000
      569.000     0.960000
      570.000     0.960000
      571.000     0.952000
      572.000     0.944000
      573.000     0.936000
      574.000     0.928000
      575.000     0.920000
      576.000     0.912000
      577.000     0.904000
      578.000     0.896000
      579.000     0.888000
      580.000     0.880000
      581.000     0.883000
      582.000     0.886000
      583.000     0.889000
      584.000     0.892000
      585.000     0.895000
      586.000     0.898000
      587.000     0.901000
      588.000     0.904000
      589.000     0.907000
      590.000     0.910000
      591.000     0.824000
      592.000     0.738000
      593.000     0.652000
      594.000     0.566000
      595.000     0.480000
      596.000     0.394000
      597.000     0.308000
      598.000     0.222000
      599.000     0.136000
      600.000    0.0500000
      601.000    0.0450000
      602.000    0.0400000
      603.000    0.0350000
      604.000    0.0300000
      605.000    0.0250000
      606.000    0.0200000
      607.000    0.0150000
      608.000    0.0100000
      609.000   0.00500000